µÁ—π(V),x÷·(s)
3.391,0.0
1.047,0.0008004002001000501
-1.297,0.0016008004002001002
-2.078,0.0024012006003001503
-2.469,0.0032016008004002003
-3.641,0.004002001000500251
-3.25,0.004802401200600301
-1.688,0.005602801400700351
-0.516,0.006403201600800401
-1.688,0.007203601800900451
-1.688,0.008004002001000501
1.047,0.00880440220110055
2.219,0.009604802401200601
2.609,0.01040520260130065
3.781,0.011205602801400701
4.172,0.01200600300150075
3.391,0.012806403201600801
8.078,0.013606803401700852
2.609,0.014407203601800901
-1.297,0.015207603801900952
-1.688,0.016008004002001003
-4.812,0.01680840420210105
-2.078,0.0176088044022011
-2.078,0.018409204602301152
-1.297,0.019209604802401203
0.656,0.020010005002501254
1.438,0.0208104052026013
3.391,0.02161080540270135
4.172,0.022411205602801403
2.219,0.023211605802901453
3.0,0.0240120060030015
2.609,0.02481240620310155
-0.516,0.025612806403201602
1.828,0.026413206603301653
4.172,0.027213606803401704
3.0,0.02801400700350175
3.391,0.028814407203601802
1.828,0.029614807403701853
2.219,0.030415207603801904
-0.125,0.03121560780390195
-0.906,0.032016008004002006
0.656,0.03281640820410205
1.047,0.0336168084042021
4.172,0.034417208604302155
4.953,0.0352176088044022
1.828,0.036018009004502256
-0.125,0.036818409204602304
1.438,0.03761880940470235
2.609,0.038419209604802405
1.828,0.03921960980490245
2.219,0.04002001000500251
6.906,0.040820410205102554
6.906,0.0416208104052026
4.953,0.042421210605302656
3.781,0.0432216108054027
2.219,0.04402201100550275
-0.906,0.044822411205602805
-2.078,0.04562281140570285
-2.859,0.04642321160580291
-2.859,0.047223611805902954
4.172,0.048024012006003
4.953,0.048824412206103056
4.562,0.0496248124062031
6.125,0.05042521260630316
6.906,0.051225612806403205
7.688,0.05202601300650325
5.344,0.052826413206603307
5.734,0.053626813406703354
5.734,0.05442721360680341
4.562,0.055227613806903456
3.391,0.0560280140070035
0.656,0.05682841420710356
-1.297,0.057628814407203605
-2.078,0.05842921460730366
-3.641,0.059229614807403706
-3.641,0.060030015007503754
0.266,0.06083041520760381
2.609,0.061630815407703855
3.0,0.0624312156078039
3.391,0.06323161580790396
2.609,0.06403201600800401
3.391,0.06483241620810405
3.391,0.0656328164082041
1.438,0.06643321660830416
0.656,0.0672336168084042
1.828,0.06803401700850426
2.609,0.06883441720860431
2.219,0.06963481740870435
1.438,0.0704352176088044
4.953,0.07123561780890446
4.172,0.07203601800900451
0.266,0.07283641820910455
-1.297,0.07363681840920461
-0.125,0.07443721860930466
-1.688,0.0752376188094047
-2.078,0.07603801900950476
1.438,0.07683841920960481
1.438,0.07763881940970485
3.391,0.0784392196098049
1.047,0.07923961980990496
1.828,0.08004002001000501
1.828,0.08084042021010505
1.828,0.08164082041020511
3.391,0.08244122061030516
3.391,0.0832416208104052
1.047,0.08404202101050526
0.656,0.08484242121060531
-0.516,0.08564282141070535
-1.297,0.0864432216108054
-2.859,0.08724362181090546
-4.422,0.0880440220110055
-4.422,0.08884442221110556
1.047,0.08964482241120561
4.953,0.09044522261130566
3.391,0.0912456228114057
5.734,0.09204602301150576
8.078,0.09284642321160581
5.344,0.09364682341170585
2.219,0.09444722361180591
-2.078,0.09524762381190596
-2.469,0.096048024012006
-3.25,0.09684842421210606
-1.297,0.09764882441220611
-1.688,0.09844922461230617
-3.25,0.0992496248124062
0.266,0.10005002501250626
-1.297,0.10085042521260631
-2.078,0.10165082541270636
0.266,0.10245122561280641
1.047,0.10325162581290646
3.0,0.1040520260130065
1.438,0.10485242621310656
2.219,0.10565282641320661
1.828,0.10645322661330665
1.047,0.10725362681340671
2.219,0.10805402701350676
-0.125,0.10885442721360682
-0.906,0.10965482741370686
-0.906,0.11045522761380691
1.047,0.11125562781390697
-1.297,0.112056028014007
0.656,0.11285642821410706
4.953,0.11365682841420711
2.609,0.11445722861430715
-2.469,0.11525762881440721
-5.203,0.11605802901450726
-2.859,0.11685842921460732
-2.859,0.11765882941470736
-0.906,0.11845922961480741
1.828,0.11925962981490747
4.172,0.12006003001500751
7.297,0.12086043021510756
8.078,0.12166083041520762
7.297,0.12246123061530766
2.609,0.12326163081540771
2.219,0.12406203101550776
3.391,0.1248624312156078
-0.906,0.12566283141570786
-2.859,0.12646323161580791
-2.859,0.12726363181590797
-2.469,0.12806403201600802
-0.516,0.12886443221610805
-1.297,0.1296648324162081
0.656,0.13046523261630816
-0.125,0.1312656328164082
1.828,0.13206603301650827
4.562,0.13286643321660832
3.391,0.13366683341670837
6.516,0.1344672336168084
6.125,0.13526763381690846
2.219,0.1360680340170085
1.828,0.13686843421710856
-0.516,0.13766883441720862
-3.25,0.13846923461730867
-2.859,0.1392696348174087
-2.078,0.14007003501750875
1.438,0.1408704352176088
2.609,0.14167083541770886
2.609,0.14247123561780892
3.0,0.14327163581790897
-0.906,0.14407203601800903
-0.906,0.14487243621810905
-0.516,0.1456728364182091
-2.859,0.14647323661830916
-1.688,0.14727363681840921
0.656,0.14807403701850927
4.172,0.14887443721860932
2.609,0.14967483741870938
2.219,0.1504752376188094
2.609,0.15127563781890946
1.047,0.1520760380190095
0.266,0.15287643821910957
2.219,0.15367683841920962
2.609,0.15447723861930968
2.219,0.1552776388194097
1.828,0.15607803901950976
1.438,0.1568784392196098
-0.125,0.15767883941970987
-0.906,0.15847923961980992
-0.516,0.15927963981990997
-2.859,0.16008004002001003
-0.516,0.16088044022011005
3.0,0.1616808404202101
6.516,0.16248124062031016
4.953,0.16328164082041022
3.0,0.16408204102051027
1.438,0.16488244122061033
0.266,0.16568284142071035
-1.688,0.1664832416208104
-3.641,0.16728364182091046
-2.078,0.16808404202101052
-0.125,0.16888444222111057
1.047,0.16968484242121062
1.438,0.17048524262131068
-2.078,0.1712856428214107
0.656,0.17208604302151076
1.438,0.1728864432216108
1.438,0.17368684342171087
1.047,0.17448724362181092
1.828,0.17528764382191098
2.219,0.176088044022011
3.781,0.17688844422211106
2.609,0.1776888444222111
1.438,0.17848924462231117
-0.906,0.17928964482241122
-2.469,0.18009004502251127
-2.469,0.18089044522261133
-4.031,0.18169084542271136
-2.078,0.1824912456228114
-0.125,0.18329164582291146
1.828,0.18409204602301152
1.047,0.18489244622311157
-0.125,0.18569284642321163
-2.469,0.18649324662331168
-4.031,0.1872936468234117
-2.859,0.18809404702351176
-2.859,0.18889444722361182
-0.906,0.18969484742371187
0.266,0.19049524762381193
0.656,0.19129564782391198
2.219,0.192096048024012
1.828,0.19289644822411206
0.266,0.19369684842421211
-2.078,0.19449724862431217
-1.297,0.19529764882441222
-1.297,0.19609804902451228
-1.688,0.19689844922461233
-0.125,0.19769884942471236
1.047,0.1984992496248124
1.047,0.19929964982491247
-0.516,0.20010005002501252
-2.859,0.20090045022511258
-5.203,0.20170085042521263
-4.031,0.20250125062531266
-1.688,0.2033016508254127
2.609,0.20410205102551277
1.828,0.20490245122561282
1.828,0.20570285142571287
-0.516,0.20650325162581293
-1.688,0.20730365182591298
-4.422,0.208104052026013
-4.031,0.20890445222611306
-4.812,0.20970485242621312
-1.688,0.21050525262631317
-1.297,0.21130565282641323
-0.125,0.21210605302651328
-0.516,0.2129064532266133
1.047,0.21370685342671336
-0.516,0.21450725362681342
-5.203,0.21530765382691347
-5.594,0.21610805402701352
-4.031,0.21690845422711358
-0.906,0.21770885442721363
-0.125,0.21850925462731366
0.656,0.2193096548274137
3.391,0.22011005502751377
1.828,0.22091045522761382
0.266,0.22171085542771388
-3.641,0.22251125562781393
-4.422,0.22331165582791396
-1.688,0.224112056028014
-4.031,0.22491245622811407
-1.688,0.22571285642821412
-1.688,0.22651325662831417
-3.25,0.22731365682841423
-2.078,0.22811405702851428
-4.422,0.2289144572286143
-5.203,0.22971485742871436
-4.031,0.23051525762881442
-2.078,0.23131565782891447
0.656,0.23211605802901453
0.266,0.23291645822911458
-0.906,0.23371685842921464
-1.688,0.23451725862931466
-2.078,0.23531765882941472
-3.641,0.23611805902951477
-5.594,0.23691845922961483
-4.812,0.23771885942971488
-3.641,0.23851925962981493
-2.078,0.23931965982991496
-0.906,0.24012006003001501
-0.516,0.24092046023011507
1.047,0.24172086043021512
0.656,0.24252126063031518
-0.906,0.24332166083041523
-0.906,0.24412206103051529
-3.641,0.2449224612306153
-2.469,0.24572286143071537
-4.031,0.24652326163081542
-3.25,0.24732366183091548
0.266,0.24812406203101553
-2.078,0.24892446223111558
-4.031,0.2497248624312156
-4.812,0.2505252626313157
-4.031,0.2513256628314157
-2.859,0.2521260630315158
-2.859,0.25292646323161583
-2.078,0.25372686343171585
-3.25,0.25452726363181594
-2.469,0.25532766383191596
-0.516,0.25612806403201605
-4.031,0.25692846423211607
-5.203,0.2577288644322161
-4.812,0.2585292646323162
-2.859,0.2593296648324162
-2.078,0.2601300650325163
-1.688,0.2609304652326163
1.438,0.2617308654327164
1.828,0.2625312656328164
1.438,0.26333166583291645
1.438,0.26413206603301653
-2.078,0.26493246623311656
-4.812,0.26573286643321664
-4.422,0.26653326663331667
-4.031,0.26733366683341675
-2.859,0.2681340670335168
-3.641,0.2689344672336168
-0.906,0.2697348674337169
-3.25,0.2705352676338169
-6.375,0.271335667833917
-4.031,0.272136068034017
-2.078,0.2729364682341171
-2.469,0.27373686843421713
-2.078,0.27453726863431716
-1.297,0.27533766883441724
1.047,0.27613806903451726
-1.297,0.27693846923461735
-3.25,0.2777388694347174
-3.25,0.2785392696348174
-3.25,0.2793396698349175
-1.688,0.2801400700350175
-2.859,0.2809404702351176
-2.078,0.2817408704352176
0.656,0.2825412706353177
1.047,0.2833416708354177
0.266,0.28414207103551775
0.656,0.28494247123561783
-3.641,0.28574287143571786
-4.812,0.28654327163581794
-4.422,0.28734367183591797
-4.031,0.28814407203601805
-4.812,0.2889444722361181
-3.25,0.2897448724362181
-1.297,0.2905452726363182
-2.078,0.2913456728364182
-5.203,0.2921460730365183
-2.469,0.2929464732366183
-4.812,0.2937468734367184
-4.031,0.29454727363681843
-2.469,0.29534767383691846
-3.641,0.29614807403701854
-2.469,0.29694847423711856
-2.078,0.29774887443721865
-1.297,0.2985492746373187
-0.516,0.29934967483741876
-1.297,0.3001500750375188
-1.297,0.3009504752376188
-3.25,0.3017508754377189
-4.031,0.3025512756378189
-2.078,0.303351675837919
-1.297,0.304152076038019
-4.031,0.30495247623811905
-1.297,0.30575287643821913
-4.422,0.30655327663831916
-3.641,0.30735367683841924
-2.078,0.30815407703851927
-2.078,0.30895447723861935
-1.297,0.3097548774387194
0.266,0.3105552776388194
1.828,0.3113556778389195
1.828,0.3121560780390195
-0.516,0.3129564782391196
-1.688,0.3137568784392196
-2.859,0.3145572786393197
-3.25,0.31535767883941973
-3.641,0.31615807903951976
-2.859,0.31695847923961984
-1.688,0.31775887943971987
-0.516,0.31855927963981995
-0.906,0.31935967983992
-0.906,0.32016008004002006
-0.125,0.3209604802401201
-2.078,0.3217608804402201
-1.688,0.3225612806403202
-4.422,0.3233616808404202
-4.031,0.3241620810405203
-3.641,0.3249624812406203
-3.641,0.32576288144072035
-1.297,0.32656328164082044
-2.078,0.32736368184092046
0.656,0.32816408204102054
-1.297,0.32896448224112057
-2.859,0.32976488244122065
-0.906,0.3305652826413207
0.656,0.3313656828414207
1.828,0.3321660830415208
0.266,0.3329664832416208
-1.688,0.3337668834417209
-1.297,0.3345672836418209
-3.641,0.335367683841921
-4.812,0.33616808404202103
-4.031,0.33696848424212106
-2.859,0.33776888444222114
-2.078,0.33856928464232117
0.656,0.33936968484242125
1.047,0.3401700850425213
2.219,0.34097048524262136
2.219,0.3417708854427214
0.656,0.3425712856428214
-3.25,0.3433716858429215
-3.641,0.3441720860430215
-2.078,0.3449724862431216
-4.031,0.3457728864432216
-1.688,0.3465732866433217
-0.125,0.34737368684342174
2.609,0.34817408704352176
2.609,0.34897448724362184
2.609,0.34977488744372187
2.219,0.35057528764382195
1.047,0.351375687843922
2.219,0.352176088044022
3.391,0.3529764882441221
1.828,0.3537768884442221
-1.297,0.3545772886443222
-0.516,0.3553776888444222
-2.469,0.3561780890445223
-3.25,0.35697848924462233
-7.938,0.35777888944472236
-5.594,0.35857928964482244
-1.688,0.35937968984492247
-0.516,0.36018009004502255
0.656,0.3609804902451226
3.391,0.36178089044522266
5.344,0.3625812906453227
6.516,0.3633816908454227
3.0,0.3641820910455228
1.047,0.3649824912456228
1.438,0.3657828914457229
-0.125,0.36658329164582293
-1.688,0.367383691845923
-0.906,0.36818409204602304
1.828,0.36898449224612306
3.781,0.36978489244622315
2.219,0.37058529264632317
2.219,0.37138569284642325
0.656,0.3721860930465233
0.656,0.37298649324662336
1.047,0.3737868934467234
0.266,0.3745872936468234
-0.125,0.3753876938469235
-0.125,0.3761880940470235
0.266,0.3769884942471236
-2.469,0.37778889444722363
-5.203,0.37858929464732366
-2.859,0.37938969484742374
-1.297,0.38019009504752377
-0.125,0.38099049524762385
2.609,0.3817908954477239
6.516,0.38259129564782396
6.906,0.383391695847924
6.516,0.384192096048024
3.391,0.3849924962481241
-0.125,0.3857928964482241
-4.812,0.3865932966483242
-4.812,0.38739369684842423
-5.594,0.3881940970485243
-4.031,0.38899449724862434
0.266,0.38979489744872436
1.828,0.39059529764882445
2.219,0.3913956978489245
1.828,0.39219609804902456
3.0,0.3929964982491246
2.609,0.39379689844922466
0.266,0.3945972986493247
0.266,0.3953976988494247
2.219,0.3961980990495248
1.438,0.3969984992496248
2.219,0.3977988994497249
1.047,0.39859929964982493
-0.516,0.39939969984992496
-1.688,0.40020010005002504
-1.297,0.40100050025012507
1.438,0.40180090045022515
1.828,0.4026013006503252
2.609,0.40340170085042526
3.0,0.4042021010505253
2.219,0.4050025012506253
0.266,0.4058029014507254
-3.641,0.4066033016508254
-4.031,0.4074037018509255
-2.469,0.40820410205102553
-2.859,0.4090045022511256
-1.297,0.40980490245122564
1.828,0.41060530265132567
5.734,0.41140570285142575
6.125,0.4122061030515258
4.953,0.41300650325162586
4.562,0.4138069034517259
4.562,0.41460730365182596
0.656,0.415407703851926
-0.516,0.416208104052026
0.266,0.4170085042521261
1.828,0.4178089044522261
2.219,0.4186093046523262
1.047,0.41940970485242623
-2.469,0.4202101050525263
-3.25,0.42101050525262634
-2.078,0.42181090545272637
-1.688,0.42261130565282645
-0.906,0.4234117058529265
-0.906,0.42421210605302656
1.828,0.4250125062531266
2.219,0.4258129064532266
1.438,0.4266133066533267
0.266,0.4274137068534267
-1.688,0.4282141070535268
-3.641,0.42901450725362683
-1.688,0.4298149074537269
0.656,0.43061530765382694
3.781,0.43141570785392697
6.125,0.43221610805402705
5.344,0.4330165082541271
6.125,0.43381690845422716
3.0,0.4346173086543272
-0.516,0.43541770885442727
-2.469,0.4362181090545273
-5.203,0.4370185092546273
-4.812,0.4378189094547274
-2.078,0.4386193096548274
-1.688,0.4394197098549275
-0.516,0.44022011005502754
-0.906,0.4410205102551276
-0.906,0.44182091045522764
1.828,0.44262131065532767
-0.125,0.44342171085542775
-0.516,0.4442221110555278
2.219,0.44502251125562786
3.781,0.4458229114557279
3.781,0.4466233116558279
0.266,0.447423711855928
0.266,0.448224112056028
-0.516,0.4490245122561281
-1.688,0.44982491245622813
-2.469,0.4506253126563282
-3.25,0.45142571285642824
-2.078,0.45222611305652827
2.609,0.45302651325662835
2.609,0.4538269134567284
4.562,0.45462731365682846
3.0,0.4554277138569285
-1.688,0.45622811405702857
-1.297,0.4570285142571286
-2.859,0.4578289144572286
-2.078,0.4586293146573287
0.656,0.45942971485742873
0.266,0.4602301150575288
1.047,0.46103051525762884
1.047,0.4618309154577289
2.609,0.46263131565782895
0.656,0.46343171585792897
-0.125,0.46423211605802905
-0.516,0.4650325162581291
0.656,0.46583291645822916
2.609,0.4666333166583292
1.828,0.46743371685842927
-0.125,0.4682341170585293
-0.906,0.4690345172586293
1.828,0.4698349174587294
1.828,0.47063531765882943
-0.125,0.4714357178589295
-0.516,0.47223611805902954
0.656,0.47303651825912957
2.219,0.47383691845922965
3.0,0.4746373186593297
2.219,0.47543771885942976
2.219,0.4762381190595298
-0.125,0.47703851925962987
-1.297,0.4778389194597299
-1.297,0.4786393196598299
-2.469,0.47943971985993
-0.516,0.48024012006003003
2.219,0.4810405202601301
1.828,0.48184092046023014
5.344,0.4826413206603302
4.172,0.48344172086043025
3.0,0.4842421210605303
-0.516,0.48504252126063035
-0.516,0.4858429214607304
-0.125,0.48664332166083046
0.656,0.4874437218609305
0.656,0.48824412206103057
1.047,0.4890445222611306
1.828,0.4898449224612306
2.219,0.4906453226613307
1.047,0.49144572286143073
-1.297,0.4922461230615308
-0.906,0.49304652326163084
-0.125,0.4938469234617309
1.828,0.49464732366183095
1.047,0.495447723861931
1.047,0.49624812406203106
1.438,0.4970485242621311
1.438,0.49784892446223117
2.609,0.4986493246623312
-0.516,0.4994497248624312
-0.906,0.5002501250625313
-0.516,0.5010505252626314
1.828,0.5018509254627314
4.953,0.5026513256628314
4.562,0.5034517258629315
2.609,0.5042521260630316
1.047,0.5050525262631316
0.656,0.5058529264632317
-2.078,0.5066533266633317
-2.859,0.5074537268634317
0.266,0.5082541270635318
-2.469,0.5090545272636319
-0.516,0.5098549274637318
-0.906,0.5106553276638319
0.266,0.511455727863932
2.219,0.5122561280640321
-0.516,0.5130565282641321
-1.688,0.5138569284642321
-0.125,0.5146573286643322
-0.516,0.5154577288644322
-0.516,0.5162581290645323
0.266,0.5170585292646324
2.609,0.5178589294647324
2.219,0.5186593296648324
1.828,0.5194597298649325
0.656,0.5202601300650326
-0.906,0.5210605302651325
-0.906,0.5218609304652326
0.266,0.5226613306653327
1.438,0.5234617308654328
2.609,0.5242621310655328
1.828,0.5250625312656328
-0.125,0.5258629314657329
-2.859,0.5266633316658329
-5.203,0.527463731865933
-5.203,0.5282641320660331
-4.031,0.5290645322661331
-4.031,0.5298649324662331
-1.688,0.5306653326663332
-0.516,0.5314657328664333
3.391,0.5322661330665333
3.0,0.5330665332666333
1.828,0.5338669334667334
2.219,0.5346673336668335
3.0,0.5354677338669335
3.0,0.5362681340670336
2.219,0.5370685342671336
1.438,0.5378689344672336
3.391,0.5386693346673337
3.0,0.5394697348674338
2.219,0.5402701350675339
-0.906,0.5410705352676338
-2.469,0.5418709354677339
-4.812,0.542671335667834
-4.422,0.543471735867934
-4.812,0.544272136068034
-2.469,0.5450725362681341
-1.688,0.5458729364682342
-1.297,0.5466733366683342
-0.516,0.5474737368684343
-0.516,0.5482741370685343
-0.125,0.5490745372686343
2.219,0.5498749374687344
2.219,0.5506753376688345
3.391,0.5514757378689346
6.125,0.5522761380690345
4.562,0.5530765382691346
3.0,0.5538769384692347
1.438,0.5546773386693347
-0.516,0.5554777388694347
-3.641,0.5562781390695348
-4.422,0.5570785392696348
-5.203,0.5578789394697349
-3.641,0.558679339669835
-2.469,0.559479739869935
-0.906,0.560280140070035
0.656,0.5610805402701351
1.438,0.5618809404702352
-0.516,0.5626813406703352
-1.297,0.5634817408704352
-0.125,0.5642821410705353
1.047,0.5650825412706354
1.047,0.5658829414707354
2.219,0.5666833416708354
1.828,0.5674837418709355
1.828,0.5682841420710355
2.219,0.5690845422711356
0.656,0.5698849424712357
-0.906,0.5706853426713357
-2.078,0.5714857428714357
0.266,0.5722861430715358
1.047,0.5730865432716359
0.656,0.5738869434717359
-0.125,0.5746873436718359
-1.297,0.575487743871936
-1.297,0.5762881440720361
-0.516,0.5770885442721361
-1.688,0.5778889444722362
-2.469,0.5786893446723362
-0.125,0.5794897448724362
1.438,0.5802901450725363
2.609,0.5810905452726364
2.219,0.5818909454727365
3.0,0.5826913456728364
3.391,0.5834917458729365
-0.125,0.5842921460730366
0.656,0.5850925462731366
-2.078,0.5858929464732366
-2.859,0.5866933466733367
-0.906,0.5874937468734368
-0.125,0.5882941470735368
3.391,0.5890945472736369
3.781,0.5898949474737369
4.953,0.5906953476738369
4.172,0.591495747873937
0.266,0.5922961480740371
-0.125,0.5930965482741372
3.0,0.5938969484742371
2.609,0.5946973486743372
-0.906,0.5954977488744373
-3.25,0.5962981490745373
-2.469,0.5970985492746373
-1.297,0.5978989494747374
-1.688,0.5986993496748375
-3.25,0.5994997498749375
-2.859,0.6003001500750376
1.828,0.6011005502751376
4.562,0.6019009504752376
6.125,0.6027013506753377
4.562,0.6035017508754378
3.781,0.6043021510755378
2.219,0.6051025512756378
2.609,0.6059029514757379
0.656,0.606703351675838
0.656,0.607503751875938
-0.906,0.608304152076038
4.562,0.6091045522761381
-3.25,0.6099049524762381
2.219,0.6107053526763382
1.828,0.6115057528764383
-0.125,0.6123061530765384
-0.516,0.6131065532766383
-2.469,0.6139069534767384
-0.906,0.6147073536768385
-2.078,0.6155077538769385
-3.641,0.6163081540770385
-0.906,0.6171085542771386
-1.688,0.6179089544772387
-0.906,0.6187093546773387
1.047,0.6195097548774388
0.266,0.6203101550775388
-1.297,0.6211105552776388
-0.516,0.6219109554777389
2.219,0.622711355677839
3.0,0.6235117558779391
1.828,0.624312156078039
4.172,0.6251125562781391
1.828,0.6259129564782392
0.656,0.6267133566783392
-0.125,0.6275137568784392
-2.469,0.6283141570785393
-2.859,0.6291145572786394
-0.516,0.6299149574787394
1.828,0.6307153576788395
1.438,0.6315157578789395
0.656,0.6323161580790395
1.438,0.6331165582791396
-1.297,0.6339169584792397
-4.422,0.6347173586793398
-4.422,0.6355177588794397
-4.422,0.6363181590795398
-4.031,0.6371185592796399
-4.422,0.6379189594797399
-3.25,0.63871935967984
1.828,0.63951975987994
0.656,0.6403201600800401
1.047,0.6411205602801401
3.0,0.6419209604802402
1.438,0.6427213606803402
1.047,0.6435217608804402
1.438,0.6443221610805403
1.828,0.6451225612806404
0.266,0.6459229614807405
-1.688,0.6467233616808404
-4.422,0.6475237618809405
-5.984,0.6483241620810406
-8.328,0.6491245622811406
-5.984,0.6499249624812407
-3.641,0.6507253626813407
-3.25,0.6515257628814407
0.656,0.6523261630815408
1.828,0.6531265632816409
3.391,0.653926963481741
-0.125,0.6547273636818409
-2.078,0.655527763881941
-2.078,0.6563281640820411
-2.078,0.6571285642821411
-1.688,0.6579289644822411
-3.25,0.6587293646823412
-1.297,0.6595297648824413
-0.516,0.6603301650825413
1.047,0.6611305652826414
-0.125,0.6619309654827414
-2.469,0.6627313656828414
-3.641,0.6635317658829415
-2.469,0.6643321660830416
-4.422,0.6651325662831417
-3.25,0.6659329664832416
-4.031,0.6667333666833417
-2.469,0.6675337668834418
-1.297,0.6683341670835418
-1.688,0.6691345672836418
-2.859,0.6699349674837419
-0.906,0.670735367683842
-0.125,0.671535767883942
1.047,0.6723361680840421
1.828,0.6731365682841421
3.0,0.6739369684842421
3.391,0.6747373686843422
-2.469,0.6755377688844423
-5.203,0.6763381690845424
-7.156,0.6771385692846423
-5.984,0.6779389694847424
-5.984,0.6787393696848425
-5.203,0.6795397698849425
-1.297,0.6803401700850426
0.266,0.6811405702851426
0.656,0.6819409704852427
0.266,0.6827413706853427
0.266,0.6835417708854428
-0.906,0.6843421710855428
-3.25,0.6851425712856428
-3.641,0.6859429714857429
-4.812,0.686743371685843
-3.25,0.6875437718859431
-2.859,0.688344172086043
-1.297,0.6891445722861431
1.047,0.6899449724862432
-0.906,0.6907453726863432
-1.297,0.6915457728864433
-0.906,0.6923461730865433
-0.516,0.6931465732866434
2.219,0.6939469734867434
0.656,0.6947473736868435
0.656,0.6955477738869436
-0.906,0.6963481740870435
-3.641,0.6971485742871436
-5.594,0.6979489744872437
-5.594,0.6987493746873438
-5.594,0.6995497748874437
-5.203,0.7003501750875438
-2.859,0.7011505752876439
-0.125,0.7019509754877439
0.266,0.702751375687844
0.266,0.703551775887944
1.828,0.704352176088044
-0.906,0.7051525762881441
-2.469,0.7059529764882442
-3.641,0.7067533766883443
-5.203,0.7075537768884442
-3.641,0.7083541770885443
0.266,0.7091545772886444
-0.125,0.7099549774887444
0.266,0.7107553776888444
0.656,0.7115557778889445
1.438,0.7123561780890446
-2.859,0.7131565782891446
-2.469,0.7139569784892447
-1.688,0.7147573786893447
-2.078,0.7155577788894447
-2.078,0.7163581790895448
-3.25,0.7171585792896449
-3.641,0.717958979489745
-5.594,0.7187593796898449
-6.766,0.719559779889945
-4.812,0.7203601800900451
-3.641,0.7211605802901451
-1.688,0.7219609804902452
2.609,0.7227613806903452
1.828,0.7235617808904453
3.391,0.7243621810905453
3.0,0.7251625812906454
0.266,0.7259629814907455
-1.297,0.7267633816908454
-4.812,0.7275637818909455
-5.594,0.7283641820910456
-5.594,0.7291645822911457
-2.859,0.7299649824912456
1.438,0.7307653826913457
-0.125,0.7315657828914458
1.828,0.7323661830915458
1.047,0.7331665832916459
0.656,0.7339669834917459
-0.125,0.734767383691846
-0.125,0.735567783891946
-1.688,0.7363681840920461
-1.297,0.7371685842921462
-0.906,0.7379689844922461
-1.688,0.7387693846923462
-0.906,0.7395697848924463
-2.469,0.7403701850925464
-2.859,0.7411705852926463
-4.031,0.7419709854927464
1.438,0.7427713856928465
1.828,0.7435717858929465
-0.125,0.7443721860930466
1.438,0.7451725862931466
1.047,0.7459729864932467
1.828,0.7467733866933467
-2.078,0.7475737868934468
-5.203,0.7483741870935469
-5.594,0.7491745872936468
-4.031,0.7499749874937469
-2.859,0.750775387693847
0.656,0.751575787893947
1.828,0.752376188094047
3.391,0.7531765882941471
3.781,0.7539769884942472
0.656,0.7547773886943472
-2.469,0.7555777888944473
-4.812,0.7563781890945473
-4.422,0.7571785892946473
-2.078,0.7579789894947474
0.266,0.7587793896948475
-0.516,0.7595797898949476
-0.125,0.7603801900950475
-2.469,0.7611805902951476
-1.297,0.7619809904952477
-2.078,0.7627813906953477
-1.297,0.7635817908954478
3.391,0.7643821910955478
-0.516,0.7651825912956479
-0.125,0.7659829914957479
0.266,0.766783391695848
-1.297,0.767583791895948
-5.594,0.768384192096048
-5.594,0.7691845922961481
-6.766,0.7699849924962482
-4.422,0.7707853926963483
-3.25,0.7715857928964482
-0.125,0.7723861930965483
1.828,0.7731865932966484
1.828,0.7739869934967484
4.172,0.7747873936968485
0.266,0.7755877938969485
-3.25,0.7763881940970486
-3.641,0.7771885942971486
-0.125,0.7779889944972487
-3.25,0.7787893946973488
-2.078,0.7795897948974487
2.219,0.7803901950975488
0.656,0.7811905952976489
-2.078,0.781990995497749
-3.641,0.782791395697849
-5.594,0.783591795897949
-1.297,0.7843921960980491
-2.078,0.7851925962981491
-1.297,0.7859929964982492
-0.516,0.7867933966983492
-1.688,0.7875937968984493
-2.078,0.7883941970985493
-3.25,0.7891945972986494
-2.859,0.7899949974987495
-4.031,0.7907953976988494
-4.422,0.7915957978989495
-0.516,0.7923961980990496
-0.906,0.7931965982991497
-0.516,0.7939969984992497
1.047,0.7947973986993497
2.609,0.7955977988994498
3.391,0.7963981990995498
-0.516,0.7971985992996499
-2.469,0.79799899949975
-0.516,0.7987993996998499
-0.906,0.79959979989995
-0.125,0.8004002001000501
1.047,0.8012006003001502
-0.125,0.8020010005002501
-1.688,0.8028014007003502
-1.688,0.8036018009004503
-5.594,0.8044022011005503
-5.203,0.8052026013006504
-4.031,0.8060030015007504
-4.812,0.8068034017008505
-3.25,0.8076038019009505
0.266,0.8084042021010506
1.047,0.8092046023011507
0.656,0.8100050025012506
-2.078,0.8108054027013507
-0.516,0.8116058029014508
-0.125,0.8124062031015509
-1.297,0.8132066033016508
0.656,0.8140070035017509
-0.516,0.814807403701851
1.047,0.815607803901951
5.344,0.8164082041020511
2.219,0.8172086043021511
2.219,0.8180090045022512
0.656,0.8188094047023512
-0.906,0.8196098049024513
-0.906,0.8204102051025514
-0.516,0.8212106053026513
-0.516,0.8220110055027514
-0.906,0.8228114057028515
-0.516,0.8236118059029516
-0.516,0.8244122061030515
0.266,0.8252126063031516
-1.688,0.8260130065032517
-2.469,0.8268134067033517
-1.297,0.8276138069034518
1.047,0.8284142071035518
3.0,0.8292146073036519
6.516,0.8300150075037519
4.953,0.830815407703852
3.781,0.8316158079039521
2.219,0.832416208104052
-0.516,0.8332166083041521
-0.516,0.8340170085042522
-0.906,0.8348174087043523
-0.516,0.8356178089044523
-0.125,0.8364182091045523
2.219,0.8372186093046524
4.562,0.8380190095047524
4.562,0.8388194097048525
3.391,0.8396198099049526
3.0,0.8404202101050526
3.0,0.8412206103051526
2.609,0.8420210105052527
2.219,0.8428214107053528
4.953,0.8436218109054527
3.0,0.8444222111055528
-0.516,0.8452226113056529
1.047,0.8460230115057529
-2.469,0.846823411705853
-2.469,0.847623811905953
-1.688,0.8484242121060531
0.266,0.8492246123061531
1.047,0.8500250125062532
6.125,0.8508254127063533
5.734,0.8516258129064532
3.781,0.8524262131065533
3.0,0.8532266133066534
4.562,0.8540270135067535
3.781,0.8548274137068534
-0.516,0.8556278139069535
-0.125,0.8564282141070536
3.781,0.8572286143071536
2.609,0.8580290145072537
1.828,0.8588294147073537
1.828,0.8596298149074538
4.562,0.8604302151075538
3.0,0.8612306153076539
1.438,0.862031015507754
1.828,0.8628314157078539
1.047,0.863631815907954
1.438,0.8644322161080541
0.266,0.8652326163081542
3.391,0.8660330165082541
-0.125,0.8668334167083542
0.656,0.8676338169084543
1.828,0.8684342171085543
2.219,0.8692346173086544
4.953,0.8700350175087544
6.125,0.8708354177088545
3.391,0.8716358179089545
6.516,0.8724362181090546
3.781,0.8732366183091547
2.219,0.8740370185092546
2.609,0.8748374187093547
0.656,0.8756378189094548
-2.078,0.8764382191095549
-4.031,0.8772386193096549
-3.25,0.8780390195097549
-2.469,0.878839419709855
-1.688,0.879639819909955
-0.516,0.8804402201100551
4.953,0.8812406203101552
7.297,0.8820410205102552
4.953,0.8828414207103552
2.219,0.8836418209104553
3.0,0.8844422211105554
0.266,0.8852426213106553
1.047,0.8860430215107554
2.609,0.8868434217108555
1.438,0.8876438219109556
3.0,0.8884442221110556
1.438,0.8892446223111556
-0.516,0.8900450225112557
-2.469,0.8908454227113557
-2.078,0.8916458229114558
0.656,0.8924462231115559
2.609,0.8932466233116558
0.656,0.8940470235117559
1.828,0.894847423711856
3.391,0.8956478239119561
0.266,0.896448224112056
-0.906,0.8972486243121561
-2.078,0.8980490245122562
-0.906,0.8988494247123562
-0.125,0.8996498249124563
1.828,0.9004502251125563
4.953,0.9012506253126564
6.125,0.9020510255127564
4.953,0.9028514257128565
4.172,0.9036518259129566
2.609,0.9044522261130565
0.656,0.9052526263131566
-1.297,0.9060530265132567
0.266,0.9068534267133568
-0.125,0.9076538269134568
0.266,0.9084542271135568
2.609,0.9092546273136569
-0.125,0.9100550275137569
-2.078,0.910855427713857
-2.078,0.911655827913957
0.266,0.9124562281140571
-0.125,0.9132566283141571
1.828,0.9140570285142572
1.438,0.9148574287143573
0.656,0.9156578289144572
0.656,0.9164582291145573
1.047,0.9172586293146574
-0.125,0.9180590295147575
-0.125,0.9188594297148575
1.047,0.9196598299149575
2.219,0.9204602301150576
0.266,0.9212606303151576
3.391,0.9220610305152577
3.781,0.9228614307153578
4.172,0.9236618309154578
1.828,0.9244622311155578
2.219,0.9252626313156579
-0.516,0.926063031515758
-2.469,0.9268634317158579
-4.422,0.927663831915958
-4.422,0.9284642321160581
-0.906,0.9292646323161582
0.266,0.9300650325162582
3.0,0.9308654327163582
0.656,0.9316658329164583
2.219,0.9324662331165583
1.828,0.9332666333166584
1.828,0.9340670335167585
-0.125,0.9348674337168585
-0.516,0.9356678339169585
0.656,0.9364682341170586
0.656,0.9372686343171587
1.828,0.9380690345172586
-1.297,0.9388694347173587
-2.469,0.9396698349174588
-0.516,0.9404702351175588
0.266,0.9412706353176589
1.047,0.942071035517759
1.047,0.942871435717859
3.781,0.943671835917959
3.391,0.9444722361180591
4.562,0.9452726363181592
2.219,0.9460730365182591
0.266,0.9468734367183592
-2.078,0.9476738369184593
-1.688,0.9484742371185594
-0.516,0.9492746373186594
0.656,0.9500750375187594
4.953,0.9508754377188595
5.344,0.9516758379189595
3.0,0.9524762381190596
2.219,0.9532766383191597
0.656,0.9540770385192597
-0.906,0.9548774387193597
-2.859,0.9556778389194598
-2.078,0.9564782391195599
-1.688,0.9572786393196598
-1.297,0.9580790395197599
2.609,0.95887943971986
2.609,0.9596798399199601
0.656,0.9604802401200601
2.609,0.9612806403201601
3.781,0.9620810405202602
2.609,0.9628814407203602
1.047,0.9636818409204603
5.344,0.9644822411205604
6.125,0.9652826413206604
4.172,0.9660830415207604
1.828,0.9668834417208605
-1.688,0.9676838419209606
-2.859,0.9684842421210605
-5.203,0.9692846423211606
-2.469,0.9700850425212607
-0.516,0.9708854427213608
1.828,0.9716858429214608
5.734,0.9724862431215608
5.344,0.9732866433216609
4.172,0.9740870435217609
3.781,0.974887443721861
2.219,0.9756878439219611
-0.125,0.9764882441220611
-2.078,0.9772886443221611
1.047,0.9780890445222612
1.828,0.9788894447223613
-0.906,0.9796898449224613
-0.125,0.9804902451225613
1.438,0.9812906453226614
-0.516,0.9820910455227615
-0.906,0.9828914457228615
-1.688,0.9836918459229615
1.047,0.9844922461230616
1.047,0.9852926463231616
2.609,0.9860930465232617
3.781,0.9868934467233618
2.219,0.9876938469234618
2.219,0.9884942471235618
2.609,0.9892946473236619
1.047,0.990095047523762
-0.906,0.990895447723862
0.266,0.991695847923962
3.781,0.9924962481240621
3.781,0.9932966483241621
3.781,0.9940970485242622
3.0,0.9948974487243623
-1.297,0.9956978489244623
-4.422,0.9964982491245623
-6.766,0.9972986493246624
-6.766,0.9980990495247625
-4.031,0.9988994497248624
-3.641,0.9996998499249625
-2.078,1.0005002501250626
1.828,1.0013006503251627
2.609,1.0021010505252628
4.953,1.0029014507253629
3.0,1.0037018509254627
1.438,1.0045022511255628
1.438,1.0053026513256629
0.266,1.006103051525763
1.828,1.006903451725863
0.656,1.0077038519259631
-0.906,1.0085042521260632
-0.516,1.009304652326163
-3.25,1.0101050525262631
-5.203,1.0109054527263632
-8.328,1.0117058529264633
-6.766,1.0125062531265634
-2.469,1.0133066533266635
-0.516,1.0141070535267633
0.656,1.0149074537268634
1.438,1.0157078539269635
-0.906,1.0165082541270636
-4.422,1.0173086543271637
-6.766,1.0181090545272637
-5.203,1.0189094547273638
-2.859,1.0197098549274637
1.047,1.0205102551275638
1.438,1.0213106553276639
0.266,1.022111055527764
2.219,1.022911455727864
2.219,1.023711855927964
-0.125,1.0245122561280642
-4.812,1.025312656328164
-4.422,1.0261130565282641
-5.984,1.0269134567283642
-3.641,1.0277138569284643
-4.422,1.0285142571285644
-4.031,1.0293146573286645
-4.422,1.0301150575287645
-2.859,1.0309154577288644
-2.859,1.0317158579289645
-4.031,1.0325162581290646
-1.688,1.0333166583291646
-0.906,1.0341170585292647
-0.906,1.0349174587293648
-1.297,1.0357178589294649
-1.688,1.0365182591295647
-2.078,1.0373186593296648
-4.422,1.038119059529765
-5.594,1.038919459729865
-7.156,1.039719859929965
-4.422,1.0405202601300652
-2.078,1.0413206603301652
-0.906,1.042121060530265
-0.125,1.0429214607303652
-1.688,1.0437218609304653
-0.906,1.0445222611305653
-0.125,1.0453226613306654
-2.859,1.0461230615307655
-7.156,1.0469234617308656
-6.375,1.0477238619309654
-7.156,1.0485242621310655
-5.594,1.0493246623311656
-5.203,1.0501250625312657
-4.812,1.0509254627313658
-2.469,1.0517258629314659
-1.688,1.052526263131566
-3.25,1.0533266633316658
-2.078,1.0541270635317659
-2.078,1.054927463731866
-0.906,1.055727863931966
-0.516,1.0565282641320661
0.656,1.0573286643321662
2.609,1.0581290645322663
-0.906,1.0589294647323662
-4.031,1.0597298649324662
-5.594,1.0605302651325663
-5.594,1.0613306653326664
-5.203,1.0621310655327665
-4.422,1.0629314657328666
-3.641,1.0637318659329666
-2.859,1.0645322661330665
-5.203,1.0653326663331666
-5.203,1.0661330665332667
-7.547,1.0669334667333668
-8.719,1.0677338669334668
-5.594,1.068534267133567
-4.812,1.069334667333667
-4.422,1.0701350675337669
-2.078,1.070935467733867
1.828,1.071735867933967
2.219,1.072536268134067
1.047,1.0733366683341672
0.656,1.0741370685342673
0.656,1.0749374687343674
-0.516,1.0757378689344672
-2.078,1.0765382691345673
-3.641,1.0773386693346674
-4.422,1.0781390695347675
-4.422,1.0789394697348675
-6.766,1.0797398699349676
-5.594,1.0805402701350677
-7.938,1.0813406703351676
-7.547,1.0821410705352676
-5.594,1.0829414707353677
-3.25,1.0837418709354678
-2.469,1.084542271135568
-2.078,1.085342671335668
-0.125,1.086143071535768
0.656,1.086943471735868
-1.688,1.087743871935968
-1.688,1.088544272136068
-0.125,1.0893446723361682
-1.297,1.0901450725362682
-3.641,1.0909454727363683
-4.031,1.0917458729364684
-1.297,1.0925462731365683
-0.906,1.0933466733366684
-2.469,1.0941470735367684
-0.906,1.0949474737368685
-3.25,1.0957478739369686
-4.031,1.0965482741370687
-2.859,1.0973486743371688
-5.203,1.0981490745372686
-4.422,1.0989494747373687
-3.25,1.0997498749374688
-3.25,1.1005502751375689
-2.859,1.101350675337669
-4.031,1.102151075537769
-2.859,1.1029514757378691
-4.812,1.103751875937969
-4.422,1.104552276138069
-2.469,1.1053526763381691
-3.25,1.1061530765382692
-3.641,1.1069534767383693
-3.25,1.1077538769384694
-4.422,1.1085542771385695
-1.297,1.1093546773386693
-1.688,1.1101550775387694
-1.297,1.1109554777388695
-3.25,1.1117558779389696
-2.859,1.1125562781390697
-0.516,1.1133566783391697
1.438,1.1141570785392696
-0.125,1.1149574787393697
0.266,1.1157578789394698
-0.906,1.1165582791395698
-3.641,1.11735867933967
-4.812,1.11815907953977
-6.375,1.11895947973987
-5.203,1.11975987993997
-4.812,1.12056028014007
-4.812,1.1213606803401701
-5.594,1.1221610805402702
-4.812,1.1229614807403703
-4.812,1.1237618809404704
-5.203,1.1245622811405704
-2.469,1.1253626813406703
-3.641,1.1261630815407704
-0.125,1.1269634817408705
0.656,1.1277638819409705
0.266,1.1285642821410706
1.828,1.1293646823411707
1.828,1.1301650825412708
0.266,1.1309654827413707
-2.469,1.1317658829414707
-2.859,1.1325662831415708
-4.031,1.133366683341671
-5.594,1.134167083541771
-4.812,1.134967483741871
-4.031,1.1357678839419711
-6.375,1.136568284142071
-4.422,1.137368684342171
-4.031,1.1381690845422712
-3.641,1.1389694847423713
-5.984,1.1397698849424713
-2.859,1.1405702851425714
1.438,1.1413706853426715
1.438,1.1421710855427714
3.391,1.1429714857428714
2.219,1.1437718859429715
1.047,1.1445722861430716
-0.516,1.1453726863431717
-3.641,1.1461730865432718
-5.594,1.1469734867433719
-3.641,1.1477738869434717
-2.859,1.1485742871435718
-4.031,1.1493746873436719
-5.594,1.150175087543772
-5.594,1.150975487743872
-3.641,1.1517758879439721
-4.422,1.1525762881440722
-6.375,1.153376688344172
-4.422,1.1541770885442721
-4.031,1.1549774887443722
-0.906,1.1557778889444723
-2.469,1.1565782891445724
0.656,1.1573786893446725
3.0,1.1581790895447726
3.0,1.1589794897448724
0.656,1.1597798899449725
-2.078,1.1605802901450726
0.656,1.1613806903451727
1.047,1.1621810905452727
-2.469,1.1629814907453728
-2.469,1.163781890945473
-1.688,1.1645822911455728
-4.422,1.1653826913456728
-6.375,1.166183091545773
-8.328,1.166983491745873
-7.156,1.167783891945973
-5.203,1.1685842921460732
-4.422,1.1693846923461733
-1.297,1.1701850925462731
-1.297,1.1709854927463732
3.0,1.1717858929464733
2.219,1.1725862931465734
1.047,1.1733866933466734
-0.125,1.1741870935467735
-1.688,1.1749874937468736
-3.25,1.1757878939469735
-4.031,1.1765882941470736
-4.812,1.1773886943471736
-1.688,1.1781890945472737
0.266,1.1789894947473738
2.609,1.1797898949474739
1.828,1.180590295147574
-0.516,1.1813906953476738
-0.906,1.182191095547774
-0.516,1.182991495747874
-1.688,1.183791895947974
-0.125,1.1845922961480742
-0.906,1.1853926963481742
-2.078,1.1861930965482743
-5.984,1.1869934967483742
-7.547,1.1877938969484743
-7.547,1.1885942971485743
-5.594,1.1893946973486744
-3.641,1.1901950975487745
-0.516,1.1909954977488746
0.656,1.1917958979489747
3.781,1.1925962981490745
5.734,1.1933966983491746
3.0,1.1941970985492747
1.828,1.1949974987493748
-2.078,1.1957978989494749
-4.422,1.196598299149575
-4.422,1.197398699349675
-5.203,1.1981990995497749
-2.078,1.198999499749875
-0.125,1.199799899949975
-0.125,1.2006003001500751
0.656,1.2014007003501752
0.656,1.2022011005502753
-0.906,1.2030015007503754
-0.516,1.2038019009504752
0.656,1.2046023011505753
-1.297,1.2054027013506754
1.828,1.2062031015507755
2.219,1.2070035017508756
0.266,1.2078039019509756
-0.516,1.2086043021510755
-2.078,1.2094047023511756
0.266,1.2102051025512757
-0.906,1.2110055027513758
-0.516,1.2118059029514758
0.266,1.212606303151576
1.828,1.213406703351676
1.828,1.2142071035517759
0.656,1.215007503751876
-1.688,1.215807903951976
-3.25,1.216608304152076
-4.031,1.2174087043521762
-6.766,1.2182091045522763
-6.766,1.2190095047523763
-2.078,1.2198099049524762
1.438,1.2206103051525763
2.609,1.2214107053526764
4.562,1.2222111055527765
7.688,1.2230115057528765
3.781,1.2238119059529766
1.828,1.2246123061530767
2.609,1.2254127063531766
-0.125,1.2262131065532766
1.047,1.2270135067533767
1.438,1.2278139069534768
1.047,1.228614307153577
-0.516,1.229414707353677
-3.25,1.230215107553777
-3.25,1.231015507753877
-2.078,1.231815907953977
-2.469,1.232616308154077
1.047,1.2334167083541772
2.609,1.2342171085542772
3.781,1.2350175087543773
4.953,1.2358179089544774
1.047,1.2366183091545773
-0.516,1.2374187093546773
-1.297,1.2382191095547774
-1.688,1.2390195097548775
-1.688,1.2398199099549776
-2.078,1.2406203101550777
3.391,1.2414207103551778
4.953,1.2422211105552776
4.172,1.2430215107553777
4.172,1.2438219109554778
3.0,1.2446223111555779
2.609,1.245422711355678
1.047,1.246223111555778
-0.125,1.2470235117558781
0.656,1.247823911955978
1.438,1.248624312156078
2.219,1.2494247123561781
1.828,1.2502251125562782
0.266,1.2510255127563783
-0.125,1.2518259129564784
-1.688,1.2526263131565785
-2.078,1.2534267133566783
-0.906,1.2542271135567784
2.609,1.2550275137568785
2.609,1.2558279139569786
3.391,1.2566283141570787
0.266,1.2574287143571787
0.266,1.2582291145572788
-0.906,1.2590295147573787
-2.859,1.2598299149574788
-0.516,1.2606303151575788
1.828,1.261430715357679
3.391,1.262231115557779
6.125,1.263031515757879
6.906,1.2638319159579792
6.516,1.264632316158079
4.562,1.265432716358179
1.047,1.2662331165582792
-0.516,1.2670335167583793
-1.297,1.2678339169584794
-3.641,1.2686343171585794
-1.297,1.2694347173586795
-2.469,1.2702351175587794
-3.25,1.2710355177588795
-1.688,1.2718359179589795
1.047,1.2726363181590796
1.438,1.2734367183591797
-0.906,1.2742371185592798
2.609,1.2750375187593799
4.172,1.2758379189594797
5.344,1.2766383191595798
2.609,1.27743871935968
3.0,1.27823911955978
3.781,1.27903951975988
1.828,1.2798399199599801
0.656,1.2806403201600802
-0.906,1.28144072036018
-1.297,1.2822411205602802
-1.297,1.2830415207603802
0.656,1.2838419209604803
2.219,1.2846423211605804
3.0,1.2854427213606805
3.0,1.2862431215607806
2.219,1.2870435217608804
-1.688,1.2878439219609805
-2.469,1.2886443221610806
0.266,1.2894447223611807
0.656,1.2902451225612808
3.0,1.2910455227613808
4.172,1.291845922961481
6.125,1.2926463231615808
6.125,1.2934467233616809
5.344,1.294247123561781
4.172,1.295047523761881
1.828,1.2958479239619811
0.656,1.2966483241620812
1.828,1.2974487243621813
-0.125,1.2982491245622811
-0.125,1.2990495247623812
-0.125,1.2998499249624813
-2.469,1.3006503251625814
-1.688,1.3014507253626815
-1.688,1.3022511255627816
-1.688,1.3030515257628814
0.266,1.3038519259629815
1.047,1.3046523261630816
1.828,1.3054527263631817
3.781,1.3062531265632817
4.562,1.3070535267633818
3.781,1.307853926963482
-0.125,1.3086543271635818
-0.125,1.3094547273636818
0.656,1.310255127563782
1.438,1.311055527763882
3.391,1.311855927963982
3.391,1.3126563281640822
3.781,1.3134567283641823
5.344,1.3142571285642821
4.562,1.3150575287643822
0.656,1.3158579289644823
-1.297,1.3166583291645824
-1.688,1.3174587293646824
0.266,1.3182591295647825
-0.125,1.3190595297648826
-0.906,1.3198599299649825
-0.516,1.3206603301650826
-1.297,1.3214607303651826
-0.906,1.3222611305652827
1.438,1.3230615307653828
1.828,1.3238619309654829
3.391,1.324662331165583
1.047,1.3254627313656828
3.0,1.326263131565783
3.0,1.327063531765883
4.562,1.327863931965983
4.172,1.3286643321660832
1.828,1.3294647323661832
2.609,1.3302651325662833
2.219,1.3310655327663832
2.609,1.3318659329664833
1.047,1.3326663331665833
1.438,1.3334667333666834
2.219,1.3342671335667835
4.172,1.3350675337668836
1.047,1.3358679339669837
-0.906,1.3366683341670835
-2.469,1.3374687343671836
-2.859,1.3382691345672837
-1.297,1.3390695347673838
-0.125,1.3398699349674839
0.266,1.340670335167584
1.438,1.341470735367684
2.609,1.3422711355677839
2.219,1.343071535767884
3.781,1.343871935967984
4.562,1.3446723361680841
4.172,1.3454727363681842
1.828,1.3462731365682843
2.219,1.3470735367683844
3.0,1.3478739369684842
3.391,1.3486743371685843
3.0,1.3494747373686844
1.438,1.3502751375687845
-2.469,1.3510755377688846
1.438,1.3518759379689846
1.438,1.3526763381690847
-1.297,1.3534767383691846
-0.125,1.3542771385692847
0.266,1.3550775387693847
0.656,1.3558779389694848
3.0,1.356678339169585
1.047,1.357478739369685
-4.422,1.358279139569785
-2.078,1.359079539769885
-1.297,1.359879939969985
-0.516,1.360680340170085
0.656,1.3614807403701852
3.391,1.3622811405702853
3.781,1.3630815407703853
3.0,1.3638819409704854
3.0,1.3646823411705853
3.0,1.3654827413706854
-1.297,1.3662831415707855
-0.906,1.3670835417708855
-0.516,1.3678839419709856
0.266,1.3686843421710857
1.438,1.3694847423711858
0.266,1.3702851425712856
-0.125,1.3710855427713857
-1.297,1.3718859429714858
0.656,1.3726863431715859
-0.516,1.373486743371686
-1.688,1.374287143571786
-0.125,1.3750875437718861
0.656,1.375887943971986
2.609,1.376688344172086
2.609,1.3774887443721862
1.047,1.3782891445722862
1.047,1.3790895447723863
1.438,1.3798899449724864
1.047,1.3806903451725865
2.219,1.3814907453726863
3.0,1.3822911455727864
1.438,1.3830915457728865
3.0,1.3838919459729866
1.828,1.3846923461730867
1.047,1.3854927463731868
-0.906,1.3862931465732868
-2.469,1.3870935467733867
-4.422,1.3878939469734868
-4.812,1.3886943471735869
-2.469,1.389494747373687
-2.078,1.390295147573787
-0.906,1.391095547773887
1.047,1.3918959479739872
2.609,1.392696348174087
3.391,1.3934967483741871
4.172,1.3942971485742872
2.609,1.3950975487743873
0.656,1.3958979489744874
3.391,1.3966983491745875
3.391,1.3974987493746875
1.828,1.3982991495747874
1.828,1.3990995497748875
0.656,1.3998999499749876
0.656,1.4007003501750876
-3.25,1.4015007503751877
-2.469,1.4023011505752878
-2.859,1.4031015507753877
-1.688,1.4039019509754878
-2.469,1.4047023511755878
-0.906,1.405502751375688
-2.078,1.406303151575788
-2.078,1.407103551775888
0.266,1.4079039519759882
0.656,1.408704352176088
-1.688,1.409504752376188
0.266,1.4103051525762882
-0.125,1.4111055527763883
1.438,1.4119059529764884
3.781,1.4127063531765884
3.0,1.4135067533766885
5.734,1.4143071535767884
0.656,1.4151075537768885
0.266,1.4159079539769885
-3.25,1.4167083541770886
-4.812,1.4175087543771887
-2.078,1.4183091545772888
-2.469,1.4191095547773889
-2.078,1.4199099549774887
-0.516,1.4207103551775888
-0.516,1.421510755377689
-2.469,1.422311155577789
-4.031,1.423111555777889
-4.422,1.4239119559779891
-2.078,1.4247123561780892
-0.906,1.425512756378189
-2.469,1.4263131565782892
-2.078,1.4271135567783892
-3.25,1.4279139569784893
-1.297,1.4287143571785894
-0.906,1.4295147573786895
-2.469,1.4303151575787896
-2.078,1.4311155577788894
-0.516,1.4319159579789895
-0.516,1.4327163581790896
1.438,1.4335167583791897
3.0,1.4343171585792898
3.0,1.4351175587793898
1.047,1.43591795897949
-1.297,1.4367183591795898
-3.641,1.4375187593796899
-5.203,1.43831915957979
-5.984,1.43911955977989
-4.031,1.4399199599799901
-2.859,1.4407203601800902
-2.469,1.4415207603801903
0.266,1.4423211605802901
-2.469,1.4431215607803902
-2.859,1.4439219609804903
-3.641,1.4447223611805904
-2.078,1.4455227613806905
-0.906,1.4463231615807906
-2.469,1.4471235617808906
-0.906,1.4479239619809905
1.438,1.4487243621810906
3.391,1.4495247623811907
1.047,1.4503251625812907
-0.516,1.4511255627813908
0.266,1.451925962981491
0.656,1.452726363181591
-1.297,1.4535267633816908
-1.688,1.454327163581791
-0.906,1.455127563781891
-2.078,1.455927963981991
-2.078,1.4567283641820912
-2.859,1.4575287643821913
-4.812,1.4583291645822913
-4.812,1.4591295647823912
-4.031,1.4599299649824913
-2.859,1.4607303651825914
-0.516,1.4615307653826914
2.219,1.4623311655827915
3.391,1.4631315657828916
2.219,1.4639319659829917
-0.516,1.4647323661830915
0.266,1.4655327663831916
-2.078,1.4663331665832917
-5.203,1.4671335667833918
-3.25,1.4679339669834919
-4.422,1.468734367183592
-2.078,1.469534767383692
-2.078,1.470335167583792
-2.078,1.471135567783892
-2.078,1.471935967983992
-2.859,1.4727363681840921
-2.078,1.4735367683841922
-3.641,1.4743371685842923
-4.031,1.4751375687843924
-2.469,1.4759379689844923
-2.859,1.4767383691845923
-4.422,1.4775387693846924
-1.688,1.4783391695847925
-1.297,1.4791395697848926
-4.031,1.4799399699849927
-2.469,1.4807403701850927
-3.641,1.4815407703851926
-0.125,1.4823411705852927
0.656,1.4831415707853928
4.172,1.4839419709854929
3.781,1.484742371185593
0.266,1.485542771385693
-2.078,1.486343171585793
-4.812,1.487143571785893
-7.547,1.487943971985993
-5.984,1.4887443721860931
-3.25,1.4895447723861932
-1.297,1.4903451725862933
-0.516,1.4911455727863934
-1.297,1.4919459729864935
0.266,1.4927463731865933
-1.297,1.4935467733866934
-2.078,1.4943471735867935
-3.641,1.4951475737868936
-5.594,1.4959479739869936
-4.812,1.4967483741870937
-4.422,1.4975487743871936
-2.859,1.4983491745872937
-1.297,1.4991495747873937
-2.078,1.4999499749874938
-0.906,1.500750375187594
1.438,1.501550775387694
0.656,1.502351175587794
3.391,1.503151575787894
5.344,1.503951975987994
4.953,1.504752376188094
3.0,1.5055527763881942
-2.469,1.5063531765882943
-6.375,1.5071535767883943
-7.938,1.5079539769884944
-10.281,1.5087543771885943
-10.281,1.5095547773886944
-6.375,1.5103551775887945
-4.422,1.5111555777888945
-2.859,1.5119559779889946
-1.297,1.5127563781890947
0.656,1.5135567783891948
2.609,1.5143571785892946
1.828,1.5151575787893947
0.656,1.5159579789894948
-1.688,1.5167583791895949
-3.25,1.517558779389695
-0.125,1.518359179589795
-0.906,1.5191595797898951
-1.688,1.519959979989995
-0.906,1.520760380190095
0.266,1.5215607803901952
0.266,1.5223611805902952
-0.906,1.5231615807903953
-1.297,1.5239619809904954
-2.469,1.5247623811905955
-3.641,1.5255627813906953
-0.906,1.5263631815907954
-1.297,1.5271635817908955
-4.422,1.5279639819909956
-5.594,1.5287643821910957
-5.203,1.5295647823911958
-5.203,1.5303651825912958
-2.078,1.5311655827913957
0.656,1.5319659829914958
2.609,1.5327663831915959
4.172,1.533566783391696
5.734,1.534367183591796
6.125,1.535167583791896
4.172,1.5359679839919962
-1.688,1.536768384192096
-3.25,1.5375687843921961
-3.641,1.5383691845922962
-3.25,1.5391695847923963
-3.25,1.5399699849924964
-2.469,1.5407703851925965
-0.906,1.5415707853926965
0.656,1.5423711855927964
0.656,1.5431715857928965
-0.906,1.5439719859929966
-2.078,1.5447723861930966
0.266,1.5455727863931967
-0.125,1.5463731865932968
1.047,1.547173586793397
1.047,1.5479739869934968
-0.125,1.5487743871935968
-2.469,1.549574787393697
-3.641,1.550375187593797
-2.469,1.551175587793897
-1.297,1.5519759879939972
0.656,1.5527763881940972
3.781,1.553576788394197
4.953,1.5543771885942972
4.953,1.5551775887943973
3.781,1.5559779889944974
1.828,1.5567783891945974
-0.125,1.5575787893946975
-2.859,1.5583791895947976
-5.594,1.5591795897948975
-3.641,1.5599799899949975
-3.25,1.5607803901950976
0.656,1.5615807903951977
0.656,1.5623811905952978
2.609,1.5631815907953979
4.172,1.563981990995498
0.656,1.5647823911955978
-0.516,1.565582791395698
0.656,1.566383191595798
1.438,1.567183591795898
1.438,1.5679839919959981
0.266,1.5687843921960982
1.047,1.5695847923961983
2.219,1.5703851925962982
-0.516,1.5711855927963982
-2.469,1.5719859929964983
-1.688,1.5727863931965984
1.047,1.5735867933966985
3.781,1.5743871935967986
2.609,1.5751875937968987
2.609,1.5759879939969985
2.219,1.5767883941970986
-0.516,1.5775887943971987
-2.469,1.5783891945972988
-3.641,1.5791895947973988
-4.812,1.579989994997499
-3.641,1.580790395197599
-2.078,1.5815907953976989
1.047,1.582391195597799
4.562,1.583191595797899
7.297,1.5839919959979991
8.859,1.5847923961980992
6.516,1.5855927963981993
3.391,1.5863931965982994
2.609,1.5871935967983992
2.219,1.5879939969984993
1.438,1.5887943971985994
-0.125,1.5895947973986995
1.438,1.5903951975987995
1.047,1.5911955977988996
0.656,1.5919959979989995
-4.031,1.5927963981990996
-2.859,1.5935967983991997
-0.516,1.5943971985992997
-0.516,1.5951975987993998
-0.516,1.5959979989995
2.219,1.5967983991996
2.609,1.5975987993996998
1.438,1.5983991995998
1.047,1.5991995997999
1.047,1.6
